87
108
121
127
106
83
104
128
74
90
188
130
187
111
130
66
165
167
185
155
120
61
197
174
76
167
121
200
159
133
189
167
188
104
115
106
161
67
71
194
160
98
65
86
118
182
72
59
158
183
163
166
149
157
128
197
153
57
80
123
150
72
189
59
124
109
71
103
82
197
189
180
95
96
180
79
104
159
198
116
75
63
56
102
63
95
107
160
199
115
92
82
90
174
89
79
65
196
108
190
123
140
70
170
145
118
177
134
140
79
171
160
126
177
67
56
130
183
76
181
200
76
70
87
83
122
76
109
145
142
143
194
80
161
142
185
120
199
57
59
94
95
176
153
167
88
193
194
117
159
176
80
146
181
154
136
99
86
129
58
144
88
62
106
140
194
169
75
131
147
72
100
86
56
145
81
139
177
100
158
134
71
182
182
61
147
110
61
172
115
171
65
83
105
186
135
187
92
173
153
